world: 6b5c947d-ed91-49f4-8720-483983d3eede
world-name: Speedway
x: 0.4387980097604984
y: 98.0
z: 1.4969597759448425
yaw: 91.05010986328125
pitch: 89.55000305175781
name: BedWars
lastowner: acbc178c-df68-38af-9c35-ef6a8280080f
