world: 4daa9b69-4fb3-4eb5-88fc-6fecaa89210a
world-name: world
x: 49.44404222545432
y: 68.0
z: 256.395430304612
yaw: 269.55010986328125
pitch: 90.0
name: world
lastowner: acbc178c-df68-38af-9c35-ef6a8280080f
